
Os valores encontrado entre 1000.0 e 1500.0 é: 
1349.0
1124.0
1005.0
1195.0
1187.0
1044.0
1238.0
1437.0
1233.0
1043.0
1293.0
1382.0
1413.0
1441.0
1252.0
1085.0
1226.0
1274.0
1044.0
1358.0
1183.0
1240.0
1454.0
1234.0
1486.0
1174.0
1306.0
1082.0
1106.0
1382.0
1100.0
1140.0
1240.0
1305.0
1011.0
1226.0
1254.0
1265.0
1162.0
1173.0
1345.0
1192.0
1055.0
1007.0
1186.0
1112.0
1012.0
1118.0
1197.0
1329.0
1110.0
1057.0
1418.0
1456.0
1241.0
1465.0
1441.0
1241.0
1057.0
1077.0
1252.0
1205.0
1215.0
1367.0
1423.0
1171.0
1164.0
1300.0
1446.0
1046.0
1161.0
1295.0
1302.0
1102.0
1202.0
1456.0
1380.0
1078.0
1345.0
1161.0
1281.0
1221.0
1465.0
1003.0
1344.0
1112.0
1453.0
1493.0
1331.0
1324.0
1168.0
1006.0
1237.0
1135.0
1472.0
1457.0
1446.0
1239.0
1365.0
1014.0
1272.0
1194.0
1362.0
1105.0
1034.0
1480.0
1057.0
1117.0
1430.0
1141.0
1183.0
1045.0
1441.0
1304.0
1072.0
1466.0
1036.0
1216.0
1018.0
1261.0
1160.0
1332.0
1035.0
1210.0
1377.0
1237.0
1381.0
1132.0
1184.0
1308.0
1372.0
1233.0
1053.0
1007.0
1330.0
1005.0
1492.0
1043.0
1454.0
1213.0
1061.0
1088.0
1227.0
1244.0
1105.0
1481.0
1283.0
1242.0
1225.0
1276.0
1027.0
1318.0
1007.0
1010.0
1401.0
1402.0
1033.0
1440.0
1353.0
1135.0
1098.0
1034.0
1161.0
1325.0
1069.0
1268.0
1244.0
1324.0
1182.0