
Os valores encontrado entre 2000.0 e 2500.0 é: 
2383.0
2076.0
2048.0
2282.0
2086.0
2015.0
2007.0
2322.0
2249.0
2298.0
2482.0
2137.0
2232.0
2316.0
2334.0
2417.0
2041.0
2095.0
2455.0
2159.0
2469.0
2491.0
2440.0
2424.0
2238.0
2390.0
2458.0
2138.0
2303.0
2073.0
2476.0
2382.0
2031.0
2481.0
2052.0
2417.0
2030.0
2247.0
2354.0
2476.0
2269.0
2499.0
2332.0
2353.0
2136.0
2287.0
2131.0
2445.0
2186.0
2095.0
2146.0
2382.0
2158.0
2366.0
2464.0
2372.0
2321.0
2237.0
2459.0
2027.0
2008.0
2331.0
2450.0
2230.0
2459.0
2066.0
2265.0
2473.0
2307.0
2485.0
2235.0
2339.0
2225.0
2005.0
2359.0
2160.0
2150.0
2078.0
2282.0
2367.0
2246.0
2055.0
2323.0
2255.0
2159.0
2099.0
2132.0
2056.0
2101.0
2120.0
2481.0
2300.0
2231.0
2476.0
2437.0
2261.0
2203.0
2098.0
2401.0
2262.0
2370.0
2200.0
2225.0
2248.0
2062.0
2220.0
2319.0
2191.0
2027.0
2115.0
2481.0
2176.0
2198.0
2122.0
2444.0
2014.0
2263.0
2274.0
2299.0
2449.0
2485.0
2201.0
2273.0
2055.0
2073.0
2242.0
2103.0
2461.0
2142.0
2497.0
2075.0
2488.0
2194.0
2464.0
2038.0
2197.0
2436.0
2139.0
2423.0
2224.0
2087.0
2304.0
2006.0
2141.0
2446.0
2164.0
2163.0
2486.0
2101.0
2041.0
2341.0
2269.0
2293.0
2289.0
2156.0
2095.0
2026.0
2368.0
2219.0
2116.0
2363.0
2321.0
2459.0
2180.0
2399.0